119.78844501 194.80092692
154.11868620 198.61539816
189.40254520 208.15157627
159.84039307 164.28515697
277.13538379 211.01242970
308.60477155 197.66178035
341.02777711 196.70816254
310.51200717 165.23877478
228.50087544 221.50222562
231.36172887 251.06437775
264.73835225 257.73970243
232.31534668 283.48738332
202.75319455 257.73970243
202.75319455 326.40018480
231.36172887 308.28144640
260.92388101 324.49294918
310.51200717 328.30742042
151.25783277 331.16827386
49.22072702 224.36307905
66.38584761 154.74897886
46.35987359 74.64508276
51.12796264 5.98460039
107.39141347 39.36122376
152.21145058 71.78422933
227.54725763 69.87699371
310.51200717 70.83061152
362.96098676 35.54675252
409.68825949 10.75268944
417.31720197 74.64508276
399.19846357 154.74897886
412.54911292 224.36307905
386.80143203 307.32782859
417.31720197 379.80278220
432.57508694 509.49480447
39.68454891 505.68033322
41.59178453 389.33896031
66.38584761 310.18868202
105.48417785 307.32782859
95.94799975 246.29628870
100.71608880 173.82133508
150.30421496 105.16085270
232.31534668 93.71743898
300.02221125 100.39276365
371.54354706 170.00686384
369.63631143 246.29628870
346.74948398 307.32782859
288.57879752 345.47254102
234.22258231 364.54489723
184.63445615 352.14786569
