0.36567589 0.51651563
496.62541615 0.51651563
496.62541615 87.84119096
423.14489667 99.55547667
177.14489667 112.33469745
0.36567589 32.46456758
0.36567589 152.80222992
42.96307849 162.38664550
46.15788368 520.01121310
0.36567589 571.80578457
498.75528628 571.80578457
452.96307849 440.81877158
459.35268888 148.73612825
367.76827329 474.60625812
341.14489667 544.89197240
239.97606550 536.37249188
225.06697459 339.35950487
286.83320836 311.67119318
380.54749407 318.06080357
354.98905251 345.74911526
46.15788368 331.90495942
192.05398758 301.02184253
419.95009147 310.60625812
416.75528628 434.13872565
182.46957199 419.22963474
46.15788368 486.32054383
44.02801355 244.58028409
67.45658498 244.58028409
69.58645511 126.37249188
97.27476680 137.02184253
96.20983173 245.64521916
131.35268888 245.64521916
131.35268888 142.34651786
172.88515641 246.71015422
283.63840316 246.71015422
281.50853303 107.20366072
388.00203953 104.00885552
385.87216940 247.77508929
421.01502654 247.77508929
48.28775381 307.41145292
113.24879277 311.67119318
164.36567589 302.08677760
104.72931225 297.82703734
61.06697459 336.16469968
113.24879277 325.51534903
114.31372784 455.43742695
58.93710446 480.99586851
283.63840316 186.00885552
383.74229927 183.87898539
383.74229927 207.30755682
286.83320836 207.30755682
290.02801355 263.74911526
381.61242914 265.87898539
382.67736420 298.89197240
287.89814342 296.76210227
