0.36567589 0.80696133
496.62541615 1.87189639
497.69035121 127.53423406
457.22281875 139.44215024
218.67736420 152.22137102
0.36567589 62.76682556
0.36567589 189.49409829
87.69035121 204.40318920
93.01502654 526.01357881
0.36567589 569.67591647
496.62541615 570.74085154
474.26177979 468.50708530
484.91113043 182.03955283
352.85918238 503.64994245
300.67736420 567.54604634
211.22281875 556.89669569
196.31372784 369.46812426
268.72931225 348.16942296
365.63840316 353.49409829
312.39164992 375.85773465
90.88515641 360.94864374
232.52152004 336.45513725
447.63840316 348.16942296
443.37866290 461.05253985
234.65139017 441.88370868
93.01502654 496.19539699
88.75528628 275.75383855
112.18385771 275.75383855
115.37866290 183.10448790
143.06697459 191.62396842
142.00203953 278.94864374
175.01502654 280.01357881
177.14489667 195.88370868
215.48255901 278.94864374
357.11892264 282.14344894
354.98905251 143.70189050
440.18385771 140.50708530
434.85918238 282.14344894
455.09294862 284.27331907
101.53450706 341.77981258
160.10593563 349.23435803
195.24879277 342.84474764
142.00203953 336.45513725
111.11892264 364.14344894
159.04100056 356.68890348
160.10593563 471.70189050
110.05398758 493.00059180
357.11892264 221.44215024
451.89814342 220.37721517
452.96307849 242.74085154
359.24879277 240.61098141
360.31372784 301.31228011
448.70333823 303.44215024
448.70333823 333.26033206
358.18385771 330.06552686
