144.58250809 159.89851286
169.37657117 162.75936629
184.63445615 170.38830878
168.42295336 151.31595256
304.79030030 177.06363345
321.00180308 164.66660191
343.88863054 159.89851286
321.95542090 148.45509913
251.38770290 202.81131434
253.29493852 285.77606388
306.69753592 277.19350358
252.34132071 326.78162974
197.03148769 278.14712139
192.26339863 375.41613809
251.38770290 358.25101750
303.83668249 373.50890247
336.25968806 346.80760377
161.74762869 346.80760377
60.66414075 174.20278002
58.75690513 132.24359635
24.42666394 70.25843865
35.87007767 19.71669468
100.71608880 25.43840154
138.86080123 54.04693587
238.99067136 24.48478373
331.49159900 55.95417149
381.07972516 17.80945906
426.85338008 19.71669468
444.01850067 68.35120303
402.05931700 144.64062789
404.92017043 174.20278002
394.43037451 239.04879115
398.24484576 300.08033104
469.76618156 315.33821601
0.58621867 343.75602968
30.14837080 291.30705009
70.20031885 231.22912801
123.60291626 306.56493506
99.76247099 245.53339518
95.94799975 174.01205937
148.39697934 102.49072356
238.03705355 58.62430427
325.76989214 91.04730983
371.54354706 167.33673469
370.58992924 239.81168831
359.14651552 300.84322820
333.39883462 367.59647495
255.20217414 434.34972171
159.84039307 377.13265306
